losses: [1.841599393749237, 1.778978725361824, 1.742592012500763, 1.7099214342355729, 1.665469566321373, 1.6249457630872726, 1.5664427324771881, 1.4927831070661546]
f1score: 0.45985503318101556
f1score: 0.2714298894193074
losses: [1.8362939237117768, 1.766714771795273, 1.7375657977819443, 1.7004688672065735, 1.6537484357595444, 1.618077076768875, 1.5553639439582825, 1.4916676743268966]
f1score: 0.47860388460523223
f1score: 0.37830073743445886
