f1score: 0.919242640370856
f1score: 0.864224511149725
