f1score: 0.15592291063017955
f1score: 0.20075698421473845
f1score: 0.20075698421473845
