f1score: 0.04124585347428316
losses: [0.3721583728790283, 0.22543148374557495, 0.4148989942073822, 0.0027752914428710936, 0.005280799865722656, 0.2256278417110443, 0.23364324831962585, 0.0034538288116455077, 0.42632208681106565, 0.0016082592010498047, 0.42842983651161193, 0.20550365686416627, 0.24431976628303528, 0.22462828350067138, 0.005004446983337402, 0.2993173084259033, 0.0019684605598449707, 0.41269466948509215, 0.002198223114013672, 0.43968571758270264, 0.008217588901519775, 0.27196987843513487, 0.23438734543323517, 0.3084462115764618, 0.466909857749939, 0.0027013206481933593, 0.004928380727767944, 0.24710036635398866, 0.19142361450195314, 0.19267295908927917, 0.20134846234321593, 0.11775444936752319, 0.36679850351810456, 0.24971664452552794, 0.2460515296459198, 0.23385839188098909, 0.0021424288749694823, 0.22512865620851516, 0.27810602077841756, 0.002753258228302002, 0.0005138692855834961, 0.2034037251472473, 0.0010401744842529297, 0.34052974343299863, 0.004116036891937256, 0.38595822259783746, 0.1896073511838913, 0.003725280284881592, 0.0006148405075073242, 0.23753512418270112, 0.255490168094635, 0.22511399912834168, 0.23647818225622178, 0.30629636195115745, 0.9953509295880795, 0.5649718737974763, 1.060126257494092, 1.114484608963132, 0.2545212677475065, 1.0741279211118817, 1.3284513522982597, 0.2013525306964293, 0.028293748209252952, 1.2235132411438971, 0.10769608526397496, 1.9584441177733243, 0.13290532248094677, 1.9401952118873595, 1.0516877222061156, 0.08102156871557235, 1.1231612307429313, 0.18367191278934478, 1.0898223674297334, 1.0385100717544555, 0.9886741495132446, 1.1117373600006104, 1.887274790763855, 0.9523045289516449, 0.23005810499191284, 1.0449731187820435, 1.1068779914379119, 0.14923560619354248, 1.3490823125839233, 0.10141015911102295, 0.02483539342880249, 1.1172958018779755, 0.0435758786201477, 1.7772214727401734, 0.9652496252059937, 1.1078092341423034, 0.6658632154464722, 0.029809924602508545, 1.0238933839797975, 0.12830875205993653, 0.8544172863960267, 1.6633957214355468, 0.19187721991539, 1.8354071917533874, 1.132322232723236, 1.0671547651290894, 0.1251752108335495, 0.968015672551468, 0.9397208364438265, 0.07033747612126172, 0.9339717603847384, 0.011570008724927902, 0.3117530552521348, 0.18634361924231052, 0.3869804213047028, 0.3974806075319648, 0.4742527838051319, 0.6240550481388345, 0.007202153054997325, 0.0061611908823251725, 0.3535350382439792, 0.2273607710003853, 0.22898166036605835, 0.2608805670840666, 0.004674504041671753, 0.4141941837593913, 0.19038973677158355, 0.18613125749863685, 0.20207886469364167, 0.00304675555229187, 0.19872658205032348, 0.00207028865814209, 0.27790163406729695, 0.0008399152755737305, 0.20629562424402684, 0.001856409519445151, 0.19978983400994912, 0.14682642483711242, 0.18267637568898498, 0.4347685632198118, 0.0025853101713582873, 0.003247845896985382, 0.27123728320747614, 0.23970170122385026, 0.21966470386460424, 0.18287464368809014, 0.25284801137447355, 0.19991369944810866, 0.2083467613775283, 0.20053825630806388, 0.1934650232354179, 0.0022808303236961365, 0.21182693246006964, 0.28575234131515026, 0.0036681597232818604, 0.000652475357055664, 0.1978227356793359, 0.0017329360414296388]
f1score: 0.014655255277880058
